PA	Section	x0	F487N	F547M	Sum(E/W)_1	dSum_1	Strongest	E4861	dE4861	E/W 4861	k4861	kk4861	F4861	Sum(E/W)_2	dSum_2
-90	S30-15	-12.35	nan	nan	0.00173105304708	0.00186240621198	He I 4922 62%	606.608696715	7.50257077138	9.79270484276	1.03979168606	2.52579359817	1523.93800454	0.0388298958102	0.0109334236352
-90	S60-15	-12.35	nan	nan	0.00247793598675	0.00306176633124	He I 4922 78%	563.94478334	6.62247416005	9.10396577031	1.08880462952	2.46540336658	1570.47276782	0.0357570296417	0.0531235498156
-90	S90-15	-12.35	nan	nan	0.00125044538615	0.000994523477496	He I 4922 64%	522.999348165	6.18476337514	8.44296871653	1.10342382521	2.40158732797	1328.45898214	0.0321321542111	0.00137749623162
-90	S30-16	0.65	nan	nan	0.00366295637944	0.00246533603166	He I 4922 81%	608.538371357	7.74154034079	9.82385628242	1.01640670258	2.53549182833	1450.70604302	0.0373206646808	0.00180401422675
-90	S60-16	0.65	nan	nan	0.00114462778448	0.00143160520433	He I 4922 62%	489.868836258	6.22058708679	7.9081308117	1.09304271106	2.39749318238	1227.95395217	0.0314372373282	0.00230095388871
-90	S90-16	0.65	nan	nan	0.000772908049112	0.000880460434965	He I 4922 37%	556.569220426	6.92543227339	8.98489937535	1.06971789103	2.40118998473	1398.47198934	0.0327102683402	0.00371269140739
-90	S30-17	13.65	nan	nan	0.0011123471545	0.000958407833985	He I 4922 44%	628.919349262	7.95323370817	10.1528738222	1.01560414181	2.47716513453	1797.93710224	0.0425035519936	0.00507764587552
-90	S60-17	13.65	nan	nan	0.00134878688117	0.00118668099938	He I 4922 66%	535.472087015	6.72629203231	8.6443206767	1.06524481761	2.40483729871	1235.04101358	0.0332174998789	0.00643005294314
-90	S90-17	13.65	nan	nan	0.00246812734047	0.00209402450006	He I 4922 81%	528.074126174	6.67471999045	8.52489270385	1.06737363155	2.38537956925	1027.97725674	0.0306708509465	0.000982901591929
-90	S30-18	26.65	4.75375968903	4.43502713685	0.00171212286987	0.00136995572377	He I 4922 68%	656.646505737	8.38003196214	10.6004833949	1.02546937193	2.52230819842	2321.94449995	0.0411971485093	0.0175679396709
-90	S60-18	26.65	2.57221807346	2.67940609931	0.0011525726098	0.00099488516185	He I 4922 53%	609.125832317	7.36641883573	9.83333987838	1.04280216858	2.45312156759	1534.32283955	0.0376657208193	0.0133567312973
-90	S90-18	26.65	nan	nan	0.00123546664209	0.00116267447663	He I 4922 51%	666.846448411	8.07460158024	10.7651447796	1.04559103949	2.54966837606	1359.5129209	0.035459037018	0.00185670685244
-90	S30-19	39.65	3.43413979639	3.26383757847	0.000966033722958	0.00081594330059	He I 4922 50%	683.183646867	7.89217912252	11.0288821169	1.01366168431	2.45407286174	2622.19166379	0.037952587851	0.00191436510056
-90	S60-19	39.65	1.93236214746	1.97536348897	0.00241196360513	0.00350356131308	He I 4922 77%	603.395508375	7.22101674588	9.74083317461	1.06938375526	2.45807900859	1332.59671239	0.0335188505824	0.00671472450714
-90	S90-19	39.65	2.56541804934	2.36274796344	0.00135045959419	0.000954833679236	He I 4922 52%	716.210100628	8.44913431603	11.5620401732	1.04920428459	2.50594693829	1661.3948964	0.0386447047864	0.00242788039398
-90	S30-20	52.65	2.52607827278	2.51482666549	0.00156244857367	0.00147875238916	He I 4922 70%	606.52879156	7.01661700259	9.79141490479	1.06843636962	2.46295998427	1823.94705352	0.0382801952074	0.0271586260438
-90	S60-20	52.65	1.50873647892	1.63271338656	0.00140883858254	0.00193683316758	He I 4922 66%	546.165669349	6.36844183879	8.81695106607	1.07055637938	2.43795394333	958.586767171	0.0318518009247	0.0124599495104
-90	S90-20	52.65	0.938419457437	1.164754953	0.00302662383448	0.00240895379926	He I 4922 82%	597.398686044	6.90467830404	9.64402429039	1.06175781391	2.37579097907	1125.01844894	0.035091410572	0.00861440424097
-90	S30-21	65.65	2.47050122988	2.35565228397	0.00194141736584	0.00199462351433	He I 4922 73%	581.594133425	6.52721110694	9.38888564862	1.07393756168	2.41126871688	1494.94279182	0.0320439746919	0.00310352180676
-90	S60-21	65.65	1.21217004256	1.28202277897	0.00158195650547	0.00204575640123	He I 4922 74%	489.290593095	5.54972024812	7.898796022	1.11899253147	2.36307610549	806.757740407	0.0332219829615	0.00111914090115
-90	S90-21	65.65	0.374640376775	0.614663888926	0.00134052745818	0.00159920896861	He I 4922 77%	353.360164324	4.23462809389	5.70442166615	1.13098416233	2.24847919947	386.331240582	0.0234285565299	0.239796498856
-90	S30-22	78.65	1.98641223722	1.83820738551	0.00103998742826	0.000792769216467	He I 4922 52%	567.326165062	6.23964924013	9.15855264542	1.06407367279	2.3455439333	1268.25411618	0.0329594629946	0.00319364317354
-90	S60-22	78.65	1.17821332071	1.13927635316	0.00190932702606	0.00237552917902	He I 4922 76%	560.01838583	6.46770544517	9.04058050709	1.08113634717	2.38101275024	799.216156705	0.0331940492463	0.0169112305621
-90	S90-22	78.65	0.485779890421	0.635837379482	0.000934672404669	0.000835527956765	He I 4922 71%	320.288474418	3.610041626	5.1705333463	1.13015921812	2.218736723	255.910325126	0.022694625033	0.00316902966207
-90	S30-23	91.65	1.31012876264	1.31819823576	0.00094846746199	0.000999460390815	He I 4922 50%	570.362145454	6.16148392986	9.2075635812	1.07055739412	2.42698812557	954.284247641	0.0346070756781	0.010242627316
-90	S60-23	91.65	1.0334088676	1.00257782902	0.00131423638781	0.00144317864184	He I 4922 64%	569.899968511	5.98688036441	9.2001024907	1.0961330964	2.37997504129	724.319371283	0.030085202697	0.00251434666974
-90	S90-23	91.65	0.893655327485	0.85743054465	0.000822167939519	0.000665045643205	He I 4922 59%	397.761375131	4.37923299515	6.42120656299	1.11533722931	2.29082455499	330.642539079	0.0264243191575	0.00128772786448
-90	S30-24	104.65	1.07796220875	1.08772303959	0.00147760037664	0.00171289467791	He I 4922 73%	498.861722594	5.04690878864	8.05330624697	1.10603793933	2.35750124054	689.699126655	0.0259675878299	0.00793420282873
-90	S60-24	104.65	0.785466256306	0.761380396408	0.000958585435288	0.000968500661451	He I 4922 55%	543.573514316	5.32030646726	8.77510496447	1.08862582011	2.33996656547	568.351865016	0.032471906685	0.0340613961596
-90	S90-24	104.65	1.06325318449	0.897441606441	0.00236462893911	0.00148383472248	He I 4922 78%	604.267789749	6.03059819323	9.75491473012	1.09520413637	2.30764217443	645.840311844	0.0298587281086	0.0216245081983
